12.155057835273517        0.001000787266916262
12.284079757952366        0.001009422967402419
12.412994581148752        0.0010091533095565417
12.54190940434514        0.0010088837237472198
12.670824227541527        0.00100861420995521
12.799739050737912        0.0010083447681612733
12.928653873934298        0.001008075398346177
13.05755222028723        0.0010023013208212744
13.186467043483617        0.001002033565456258
13.315381866680003        0.0010017658816195674
13.444379074093668        0.0010293038669547875
13.573293897290053        0.0010290288981136975
13.70220872048644        0.0010287540027279455
13.841855461053555        0.0010247078153701845
13.960021890035758        0.0010225882339972398
14.078221272704871        0.0010317129806453372
14.217933920645809        0.0010504179299388695
14.357580661212925        0.0010462865362945047
14.46885270812636        0.0010482301644236473
14.604744297608791        0.001072824660099097
14.733642643961723        0.0010666797102588349
14.862639851375386        0.001096002140536651
14.991538197728318        0.0010897244341891903
15.13019742614433        0.0011172076025305702
15.242539369426147        0.001117646897602514
15.385322987142565        0.001138496308437798
15.517073710481133        0.0011663132911949555
15.625594595304444        0.0011728833535795773
15.75839638433316        0.0011922975380427247
15.88737711490337        0.0012183816093693164
16.020976405572807        0.0012510229936707612
16.149961507550465        0.0012802508071160011
16.28356516962735        0.0013164612912327737
16.41024384978334        0.0013452681297991486
16.53925753404046        0.0013898403049496916
16.6705732687118        0.0014358824196871066
16.795004036653488        0.0014939545102746596
16.92634080872317        0.0015542769806541914
17.05536994002103        0.001614040678708577
17.18440422033247        0.0016789736281880227
17.313454977487364        0.0017561109607737374
17.44249337700967        0.0018292624614177253
17.571539279380332        0.0019102193497235079
17.70057429526514        0.0019875535094549144
17.829633290841763        0.002084568873623432
17.95868816720752        0.002183328066437952
18.08774716278414        0.002289899470154735
18.216814396782496        0.0024082589099197684
18.345880600978127        0.0025318692098821325
18.474969460833513        0.002681946092939879
18.604023307396556        0.002808045403879785
18.733099809619354        0.0029622990035098554
18.862185580066587        0.003134668840299719
18.991265171697535        0.003310262515225712
19.120346822933907        0.003498086468644425
19.24943156357843        0.0037003657063581176
19.37852454264468        0.003925076218384326
19.50761443230278        0.0041591591496191686
19.63670226235545        0.004404185962303101
19.76579833082985        0.004676437106572543
19.89490366752869        0.004980839587331625
20.023999736003088        0.005288737411964909
20.153096834280202        0.00561759106973767
20.282202170979044        0.005983255916403701
20.411303388467022        0.006364002858748779
20.540412844376725        0.006787541427802606
20.66952538969458        0.007246705680499339
20.798639994617865        0.00774223034091661
20.927753569738435        0.008268807571176527
21.05687847268888        0.00886451594000176
21.18599101800673        0.009464183563456236
21.31509841431101        0.010087137650944121
21.444223317261454        0.010813843680130917
21.573349250014616        0.01159687283197973
21.70250710665197        0.012569279838359093
21.831628184620897        0.013457684473637137
21.9607981046615        0.014644730229218247
22.089935365244536        0.015764402910067653
22.219089102671028        0.017062880789085626
22.3482804818387        0.0187008496516968
22.484352159297043        0.020320380791874884
22.599684851423312        0.021930924904792495
22.710461528203062        0.02405071878387857
22.83270322979994        0.025981222258835892
22.96188168249162        0.028353222692434517
23.09106013518329        0.030941778990916602
23.2202210812288        0.03357072981816185
23.34250618165442        0.03679235394213448
23.45327058486711        0.04018433752010063
23.56858965837787        0.043173361720678885
23.679398784451365        0.04785987090591007
23.794731980970802        0.051661789471201175
23.905526984035617        0.05700149323065513
24.020895488076746        0.062256016296805036
24.131683429637224        0.06852967626753231
24.24706370285225        0.07514028395760586
24.357879554167972        0.08348325582605962
24.473229563792977        0.09062009753507419
24.57710115416008        0.09941583810061524
24.680960190741693        0.10861112272482576
24.799491307192383        0.11927385220461584
24.913251997227828        0.1317119917382928
25.01330910780286        0.14414985937062885
25.110242377851986        0.1564614684289961
25.207189378603992        0.17060148779659795
25.307248812836434        0.18685605478219502
25.414113817140777        0.20383893102340797
25.517288008511073        0.22443774532749822
25.624150477916423        0.24463010653512615
25.724214876326062        0.26838047604011456
25.821160504007775        0.292501506979362
25.918107504759778        0.31893598324543293
26.01505999779293        0.34839492983686626
26.11201249082609        0.38057489123962956
26.21206579905263        0.4159873380075008
26.31891903418308        0.45202349859303115
26.41898020361424        0.49537704154493206
26.515929558201023        0.5405689532185546
26.61285910134508        0.5860116406967802
26.709808848237653        0.6395552997968517
26.813703976952553        0.707143037345938
26.935915078697306        0.7561731254628146
26.984521766891238        0.825347062525341
